"ST" "YR" "doy" "T" "TMMXI" "TMMNI" "RH" "RAINI" "WNI" "GR"
-99 2018 1 1.1419824218750136 -0.009537353515611358 3.8710473632812636 97.64175415039062 3.735950469970703 4.645777225494385 0.10606631698608399
-99 2018 2 3.2697290039062636 2.4623864746093886 4.221755371093764 96.97801208496094 2.617763042449951 5.169005393981934 0.14310939331054687
-99 2018 3 2.0968774414062636 0.8598474121093886 3.1687158203125136 95.76036071777344 0.9541386365890503 3.929190158843994 0.208772403717041
-99 2018 4 0.8172448730468886 0.34495483398438864 1.3533471679687636 96.75141906738281 1.3267654180526733 5.274981498718262 0.16095132751464844
-99 2018 5 2.5612329101562636 0.32337890625001364 3.2982934570312636 96.91421508789062 5.92685604095459 4.304767608642578 0.1200004280090332
-99 2018 6 0.03672729492188864 -1.9017492675781114 2.0034020996093886 88.74641418457031 1.356265664100647 5.374394416809082 0.18932213287353514
-99 2018 7 -0.9192053222656114 -2.8531347656249864 0.9886010742187636 70.58526611328125 0.6186347603797913 8.543363571166992 0.9019366149902344
-99 2018 8 -0.18910278320311136 -0.9398962402343614 0.9063562011718886 72.05099487304688 0.06822066009044647 6.341469764709473 0.9256082519531249
-99 2018 9 0.5617517089843886 -0.6111303710937364 1.6504968261718886 92.65430450439453 0.003053953405469656 3.641819953918457 0.9572650268554687
-99 2018 10 -3.6952978515624864 -6.064255371093736 -1.4625708007812364 97.81088256835938 0.17876018583774567 0.9545818567276001 0.4353530822753906
-99 2018 11 -5.324600830078111 -6.489029541015611 -2.4250646972656114 96.0794448852539 0.08224334567785263 1.8465073108673096 1.0715209716796874
-99 2018 12 -2.3191992187499864 -2.9560095214843614 -1.5405432128906114 86.03762817382812 0.1628405600786209 2.5527095794677734 0.4431069717407226
-99 2018 13 -1.9571691894531114 -2.6158605957031114 -0.7834936523437364 85.09290313720703 0.286763995885849 2.5079028606414795 0.5730937866210937
-99 2018 14 -3.1480566406249864 -3.7112585449218614 -2.7561804199218614 84.58055114746094 0.20967799425125122 3.9635891914367676 0.8932893310546874
-99 2018 15 -3.9661718749999864 -4.662338867187486 -3.4111791992187364 80.51983642578125 0.4854469299316406 6.950524806976318 0.610808999633789
-99 2018 16 -4.094498291015611 -4.762894287109361 -3.2326513671874864 81.30986022949219 1.224888801574707 9.99083423614502 0.3881734909057617
-99 2018 17 -6.087998046874986 -6.735947265624986 -5.151566162109361 83.62222290039062 1.4851746559143066 6.272837162017822 0.32279281539916993
-99 2018 18 -4.418472900390611 -5.768356933593736 -3.0919958496093614 94.46378326416016 0.36411046981811523 1.8421399593353271 0.4615064071655273
-99 2018 19 -5.642471923828111 -7.434647216796861 -3.3408361816406114 96.24701690673828 0.10371939092874527 1.9268275499343872 1.5306088073730468
-99 2018 20 -7.735581054687486 -8.193375244140611 -6.486069335937486 95.4543685913086 0.07225703448057175 1.7193528413772583 1.0215447692871094
-99 2018 21 -6.769943847656236 -8.959427490234361 -4.149979248046861 91.8135986328125 0.013329868204891682 1.721994161605835 1.6053902709960937
-99 2018 22 -2.8746191406249864 -6.031113281249986 -1.3924719238281114 87.37126159667969 0.374885231256485 3.6759471893310547 1.1844750366210937
-99 2018 23 -4.407089843749986 -8.290939941406236 -0.013748779296861358 84.90684509277344 0.6707639694213867 3.04024076461792 1.2409662414550782
-99 2018 24 1.2141870117187636 -1.1317297363281114 3.1489709472656386 94.26589965820312 9.511616706848145 8.537710189819336 0.2613742835998535
-99 2018 25 3.5538171386718886 3.0158227539062636 4.067183837890639 93.56690979003906 8.544583320617676 9.358644485473633 1.0534135528564452
-99 2018 26 2.4442590332031386 1.4217980957031386 2.9141381835937636 95.79718017578125 0.23993071913719177 4.4417877197265625 1.1070140899658203
-99 2018 27 0.9931787109375136 -0.43751586914061136 1.7657006835937636 97.86372375488281 1.4612071514129639 2.451336145401001 0.3992211776733398
-99 2018 28 -0.13267578124998636 -1.0320898437499864 0.6277917480468886 97.24787902832031 4.003398895263672 4.741395473480225 0.34954976348876954
-99 2018 29 -0.42652954101561136 -1.2531896972656114 0.08937011718751364 94.8721694946289 0.5425409078598022 2.6509037017822266 0.9485491058349609
-99 2018 30 -2.9713293457031114 -4.816605224609361 -1.4228979492187364 94.3866195678711 0.19886861741542816 3.829219102859497 0.600122543334961
-99 2018 31 -4.002152099609361 -6.442886962890611 -1.4840856933593614 93.31526184082031 0.37534523010253906 4.167346477508545 1.4749771728515624
-99 2018 32 -0.029648437499986358 -0.9460913085937364 1.3364099121093886 94.57748413085938 10.600862503051758 6.377712249755859 0.403297297668457
-99 2018 33 1.0448144531250136 0.26795898437501364 1.6980432128906386 97.39637756347656 2.181246519088745 2.2118630409240723 0.7541836303710937
-99 2018 34 -2.9468847656249864 -8.132645263671861 0.17564331054688864 93.01874542236328 0.8428899645805359 3.8145503997802734 0.9685192016601563
-99 2018 35 -8.728500976562486 -9.936112060546861 -7.683945312499986 90.46903991699219 0.03730134665966034 4.381612300872803 3.1394810302734375
-99 2018 36 -7.734573974609361 -9.600540771484361 -4.991837158203111 85.30393981933594 0.004215999040752649 4.802028656005859 3.2866877197265625
-99 2018 37 -8.305191650390611 -9.513107910156236 -7.290390624999986 88.27024841308594 0.5765026211738586 3.5176024436950684 0.9675837432861327
-99 2018 38 -5.440201416015611 -7.396195068359361 -3.1580664062499864 87.57573699951172 0.8575262427330017 2.1813199520111084 1.1729696319580079
-99 2018 39 -1.5962683105468614 -4.260361328124986 0.16944824218751364 92.51094055175781 0.7079631090164185 3.640036106109619 1.6441579467773437
-99 2018 40 -1.6822668457031114 -2.8890539550781114 -0.13212646484373636 97.05335235595703 1.2599058151245117 3.890354871749878 1.063919888305664
-99 2018 41 -3.7583166503906114 -5.669113769531236 -2.4893347167968614 92.12763977050781 0.1900743544101715 2.8287012577056885 1.4799871032714844
-99 2018 42 -4.881363525390611 -6.760819091796861 -3.1814123535156114 91.92540740966797 0.3074876666069031 3.3321123123168945 1.5004264526367186
-99 2018 43 -2.2259680175781114 -4.579239501953111 0.14500366210938864 91.34195709228516 1.6860864162445068 5.60000467300415 0.9047949829101563
-99 2018 44 0.7663720703125136 0.07023559570313864 1.2475122070312636 95.60990142822266 1.040397047996521 7.2774553298950195 1.0580582977294921
-99 2018 45 -0.03184570312498636 -0.9456945800781114 0.9826806640625136 97.5069351196289 0.22977082431316376 3.989983081817627 1.4714176025390624
-99 2018 46 -1.7138220214843614 -3.9818884277343614 -0.46339477539061136 91.91867065429688 0.6539345383644104 3.1863369941711426 1.6405883239746093
-99 2018 47 -3.6400610351562364 -5.264176025390611 -1.2548986816406114 90.70935821533203 0.3081120550632477 3.2209808826446533 1.8141485229492187
-99 2018 48 -6.328659667968736 -8.255875244140611 -4.196427001953111 91.18238067626953 0.017169371247291565 2.3186187744140625 4.647056286621093
-99 2018 49 -6.322434082031236 -8.244064941406236 -3.5737463378906114 86.53533172607422 0.003991526085883379 1.1567224264144897 5.3317953369140625
-99 2018 50 -9.574600830078111 -10.778580322265611 -7.612106933593736 88.63011932373047 0.02252255380153656 2.798860549926758 5.174964953613281
-99 2018 51 -11.137406005859361 -13.494248046874986 -8.547928466796861 86.56897735595703 0.021620100364089012 2.361692428588867 5.70721728515625
-99 2018 52 -10.149857177734361 -11.648575439453111 -7.933029785156236 87.4068603515625 0.04010327160358429 1.7048492431640625 5.495905700683593
-99 2018 53 -8.215378417968736 -12.809342041015611 -4.001938476562486 84.28781127929688 1.8076974153518677 2.215282678604126 3.24253125
-99 2018 54 -9.247543945312486 -14.466141357421861 -6.847580566406236 86.89159393310547 0.36240506172180176 3.492403984069824 6.17470224609375
-99 2018 55 -15.009079589843736 -17.52497924804686 -11.531693115234361 84.70610809326172 0.04377346858382225 3.4419944286346436 6.663104296875
-99 2018 56 -13.831467285156236 -18.81367553710936 -9.540939941406236 87.75979614257812 0.09140514582395554 3.914313316345215 5.421409167480468
-99 2018 57 -10.924637451171861 -13.084183349609361 -7.722611083984361 85.29914855957031 0.20000018179416656 4.5490336418151855 5.341513293457031
-99 2018 58 -15.816300048828111 -18.51857055664061 -12.620346679687486 76.51806640625 0.05096232146024704 6.4698333740234375 7.603008178710938
-99 2018 59 -17.059616699218736 -20.07167114257811 -13.258591308593736 84.33910369873047 0.05406848341226578 4.46013069152832 7.574552709960937
-99 2018 60 -14.246506347656236 -18.86120666503905 -9.247208251953111 83.715087890625 0.04059600457549095 2.686326026916504 7.444048974609375
-99 2018 61 -11.830521240234361 -15.059738769531236 -7.215225830078111 85.53309631347656 0.030335742980241776 3.0465047359466553 7.7691148681640625
-99 2018 62 -11.537277832031236 -14.973099365234361 -7.530594482421861 89.84677124023438 0.1012943834066391 2.5621116161346436 6.958974462890625
-99 2018 63 -9.826889648437486 -11.869522705078111 -7.373398437499986 91.43123626708984 0.10319189727306366 2.0963149070739746 5.771311962890625
-99 2018 64 -8.583695068359361 -11.301834716796861 -4.224136962890611 90.58263397216797 0.12031474709510803 3.168689012527466 7.439762329101562
-99 2018 65 -6.772904052734361 -9.541062011718736 -3.5935522460937364 91.71076965332031 0.18126621842384338 4.493779182434082 5.855487231445312
-99 2018 66 -6.605637207031236 -7.805496826171861 -4.603073730468736 92.28764343261719 0.25159400701522827 4.574277877807617 7.366719946289062
-99 2018 67 -5.365952148437486 -8.679978027343736 -2.6911169433593614 93.22445678710938 2.2596094608306885 5.33974027633667 3.2101078491210937
-99 2018 68 -0.9468847656249864 -2.9805151367187364 0.8621667480468886 97.05011749267578 2.027909755706787 4.161409854888916 2.6927439147949217
-99 2018 69 0.8188012695312636 0.31626831054688864 1.9998925781250136 97.82963562011719 0.4949633479118347 3.102879524230957 3.9394756713867185
-99 2018 70 -0.48158325195311136 -1.5150305175781114 0.6142724609375136 96.62899780273438 0.6204509735107422 2.3665199279785156 3.938787817382812
-99 2018 71 0.19016967773438864 -0.6451574707031114 1.2248071289062636 97.4843521118164 3.713707447052002 5.030788421630859 2.6084298889160156
-99 2018 72 1.5918420410156386 0.38642822265626364 2.8750146484375136 98.53294372558594 7.272100925445557 3.3037161827087402 2.5850977294921873
-99 2018 73 -2.4453283691406114 -4.936813964843736 -0.8755651855468614 82.35210418701172 0.2668388783931732 6.264618396759033 8.403187719726562
-99 2018 74 -6.021164550781236 -8.266678466796861 -3.3288427734374864 81.08770751953125 0.033526793122291565 4.466879844665527 11.262924755859375
-99 2018 75 -7.556320800781236 -11.089371337890611 -3.4891210937499864 84.69674682617188 0.014288804493844509 3.971040725708008 11.678743212890625
-99 2018 76 -6.785843505859361 -11.997940673828111 -2.1298071289062364 80.2370376586914 0.036399956792593 3.8108818531036377 11.117159033203125
-99 2018 77 -1.1603247070312364 -2.9225317382812364 0.46443115234376364 80.62496185302734 0.005380767397582531 6.261033058166504 9.090805078125
-99 2018 78 -0.41783203124998636 -1.5518652343749864 0.6183923339843886 90.34952545166016 1.149287223815918 4.863014221191406 5.237345104980468
-99 2018 79 -3.1546789550781114 -6.116654052734361 -1.5537878417968614 84.07672882080078 0.3001284599304199 5.255588531494141 8.2176767578125
-99 2018 80 -3.4768835449218614 -8.497238769531236 0.29884277343751364 87.65542602539062 0.01309368945658207 3.820451021194458 8.980547387695312
-99 2018 81 -0.8206335449218614 -1.7291418457031114 0.9678491210937636 92.4818115234375 0.23627571761608124 4.833930969238281 6.471102392578125
-99 2018 82 -2.9615637207031114 -6.517899169921861 -0.15177978515623636 82.21517944335938 0.03902615234255791 2.4598684310913086 12.772463378906249
-99 2018 83 -0.11793579101561136 -3.2908789062499864 1.6652673339843886 90.75944519042969 0.28790345788002014 6.576438903808594 9.437145336914062
-99 2018 84 1.0926660156250136 -0.06984008789061136 2.2328942871093886 95.87678527832031 0.4048132002353668 3.958523750305176 6.919150122070312
-99 2018 85 -3.4457250976562364 -5.753555908203111 -1.2403723144531114 73.14491271972656 0.25129324197769165 4.218207359313965 14.152188427734375
-99 2018 86 -4.118057861328111 -7.482834472656236 -0.44715942382811136 75.71661376953125 0.282631516456604 2.3298683166503906 10.159425659179687
-99 2018 87 -3.0055395507812364 -6.579147949218736 0.08305297851563864 77.80029296875 0.03537539765238762 3.442317485809326 12.11743125
-99 2018 88 -3.7267004394531114 -7.479447021484361 0.7526086425781386 85.52729797363281 0.02640378288924694 0.9873786568641663 14.115469482421874
-99 2018 89 -3.0313574218749864 -7.677384033203111 1.5136865234375136 73.17916107177734 0.0 2.242736339569092 15.444229394531249
-99 2018 90 -2.0400854492187364 -6.666031494140611 2.6855920410156386 72.68757629394531 0.0 1.5664751529693604 15.45460224609375
-99 2018 91 0.7714990234375136 -2.6100622558593614 4.934157714843764 82.41035461425781 0.0009719267254695296 3.5825657844543457 13.22613984375
-99 2018 92 1.0054467773437636 -0.06340087890623636 2.1390527343750136 93.21883392333984 5.365713119506836 6.0751471519470215 5.6539456787109375
-99 2018 93 1.2266076660156386 -1.3914038085937364 3.6535791015625136 82.75057983398438 0.04143407568335533 4.3442864418029785 15.556507470703124
-99 2018 94 2.2910913085937636 -3.7648779296874864 5.747023925781264 92.44718933105469 3.462420701980591 5.1026811599731445 10.135574560546875
-99 2018 95 4.205703125000014 1.5063317871093886 7.985518798828139 98.8344955444336 6.625568389892578 3.1873292922973633 7.23985224609375
-99 2018 96 2.6795190429687636 1.4384606933593886 3.9438928222656386 95.59671783447266 2.1679069995880127 5.589054107666016 7.499468847656249
-99 2018 97 3.2597192382812636 1.1899865722656386 5.369643554687514 84.536865234375 0.00013380534073803574 4.283637046813965 12.937866064453125
-99 2018 98 4.718306884765639 2.5359338378906386 8.746230468750014 92.94207763671875 0.053861796855926514 2.6199874877929688 11.42074423828125
-99 2018 99 4.675185546875014 2.2956689453125136 8.087569580078139 96.9195327758789 1.988265037536621 2.8979313373565674 6.844471655273437
-99 2018 100 3.6465295410156386 1.4993432617187636 6.723342285156264 78.12696838378906 0.4926801025867462 3.9671802520751953 18.160784033203125
-99 2018 101 3.7896569824218886 0.26948486328126364 7.675765380859389 79.35270690917969 0.0 1.709385633468628 18.160781396484374
-99 2018 102 4.616347656250014 -0.009781494140611358 9.157576904296889 72.63185119628906 0.0 1.7618615627288818 18.192147802734375
-99 2018 103 5.247420654296889 1.0493310546875136 10.127059326171889 76.02749633789062 0.0 2.404520273208618 18.722585742187498
-99 2018 104 6.528884277343764 1.4432824707031386 12.083327636718764 83.0743408203125 0.0 2.129971981048584 19.0438857421875
-99 2018 105 5.713607177734389 2.3430017089843886 10.234114990234389 93.05201721191406 0.5013392567634583 2.022736072540283 11.680211865234375
-99 2018 106 7.055007324218764 4.707595214843764 11.109481201171889 95.72229766845703 0.24205827713012695 1.710094928741455 13.952841943359374
-99 2018 107 6.167434082031264 3.1700891113281386 9.365340576171889 89.74699401855469 0.14871801435947418 3.6320197582244873 14.601625048828124
-99 2018 108 6.161330566406264 3.9053796386718886 9.161391601562514 94.42666625976562 0.1184324249625206 2.9146485328674316 12.24344794921875
-99 2018 109 7.547011718750014 4.749617919921889 12.245223388671889 88.44097137451172 0.04669070988893509 3.8017218112945557 17.186711572265626
-99 2018 110 6.451583251953139 1.8767541503906386 10.205336914062514 96.0922622680664 0.09079206734895706 3.1354281902313232 13.339516113281249
-99 2018 111 8.137191162109389 6.288863525390639 10.351699218750014 81.95117950439453 1.5756592750549316 6.275086402893066 18.195575537109374
-99 2018 112 7.016524658203139 3.5724328613281386 10.051284179687514 83.1572265625 1.6631724834442139 3.4438560009002686 13.744794287109375
-99 2018 113 5.970748291015639 2.8223718261718886 8.173110351562514 81.57232666015625 0.43822869658470154 4.791993141174316 14.420288671875
-99 2018 114 6.224440917968764 4.952285156250014 8.249129638671889 95.2391128540039 2.722402334213257 4.407749176025391 11.240132958984374
-99 2018 115 5.737136230468764 4.006728515625014 7.742965087890639 95.09095001220703 1.3923225402832031 2.5271716117858887 12.648752490234374
-99 2018 116 6.033431396484389 3.1089318847656386 9.746627197265639 84.31208038330078 0.029892994090914726 2.687283515930176 21.094287890624997
-99 2018 117 4.682723388671889 1.7217858886718886 7.340285644531264 94.45002746582031 0.24569015204906464 2.531494140625 13.607417285156249
-99 2018 118 5.232619628906264 2.1984704589843886 8.701857910156264 96.27975463867188 0.28516271710395813 2.3501932621002197 16.49817861328125
-99 2018 119 6.369826660156264 3.0591882324218886 10.120986328125014 97.91607666015625 2.6662757396698 1.9687188863754272 10.600716796875
-99 2018 120 7.137343750000014 1.0219567871093886 12.137038574218764 87.20252990722656 0.03420417383313179 2.0021958351135254 19.859880322265624
-99 2018 121 6.725264892578139 4.575270996093764 9.360030517578139 95.74092102050781 5.848884582519531 4.909632682800293 9.411718139648437
-99 2018 122 6.420394287109389 4.395797119140639 7.794020996093764 95.15812683105469 4.445220470428467 4.095541954040527 13.655256591796874
-99 2018 123 7.356307373046889 3.7609094238281386 11.389693603515639 93.63633728027344 2.64373779296875 3.514188766479492 15.276175488281249
42 2018 124 13.05 17.66 7.91 41.67 0 1.63 23.41
42 2018 125 11.84 15.9 7.07 48.94 0 2.8 22.56
42 2018 126 14.88 20.86 7.77 47.67 0 2.04 22.85
42 2018 127 16.43 24.89 9.6 47.96 0 1.68 22.76
42 2018 128 16.39 22.24 10.1 36.88 0 2.08 23.68
42 2018 129 17.33 23.78 9.76 41.9 0 2.2 23.61
42 2018 130 19.15 25.04 12.65 40.95 0 1.95 23.67
42 2018 131 19.78 26.35 11.14 42.17 0 1.67 23.35
42 2018 132 21.38 29.65 12.86 42.74 0 1.25 23.18
42 2018 133 21.95 31.89 12.29 47.28 0 1.41 22.77
42 2018 134 24.15 32.96 13.45 50.04 0 1.26 22.85
42 2018 135 23.63 32.1 13.92 51.28 0 1.22 21.35
42 2018 136 20.47 27.52 14.05 73.56 0 1.06 19.9
42 2018 137 16.78 21.2 12.82 49.22 21.27 2.63 24
42 2018 138 16.05 21.48 9.91 44.59 0.42 1.77 24.78
42 2018 139 16.08 22.61 9.02 56.36 0 1.68 22.28
42 2018 140 17.95 23.9 9.46 63.44 0 2.04 25.8
42 2018 141 20.23 27.07 11.16 56.46 0 1.44 22.61
42 2018 142 20.79 26.95 11.72 51.19 0 1.37 23.93
42 2018 143 18.35 25.25 10.87 37.17 0 2 25.28
42 2018 144 19.29 25.61 11.45 48.05 0 1.57 25.37
42 2018 145 21.03 27.73 10.63 48.83 0 1.4 25.99
42 2018 146 19.97 25.85 13.55 43.42 0 1.89 25.18
42 2018 147 21.08 27.35 14.36 47 0 1.41 27.01
42 2018 148 21.99 27.21 15.29 50.68 0 1.35 26.48
42 2018 149 21.05 26.27 14.72 49.28 0 1.67 26.34
42 2018 150 19.38 25.66 13.89 43.58 0 2.14 26.7
42 2018 151 19.23 24.19 11.54 49.61 0 2.41 26.05
42 2018 152 21.01 27.63 13.45 56.82 0 1.61 26.54
42 2018 153 21.07 26.5 13.29 49.44 0 1.67 26.64
42 2018 154 16.54 19.48 12 48.77 0 2.59 24.39
42 2018 155 11.95 14.43 9.62 44.02 0 2.84 14.82
42 2018 156 13.17 17.43 8.63 55.46 0 1.81 23.97
42 2018 157 15.13 20.21 8.85 56.94 0 2.42 21.18
42 2018 158 16.78 20.61 8.85 48.37 0 1.5 22.77
42 2018 159 15.95 21.75 8.85 55.58 0 1.43 17.53
42 2018 160 18.81 25.58 13.28 65.29 0 1.94 25.06
42 2018 161 20.06 25.93 14.35 69.37 0 1.96 20.22
42 2018 162 19.08 23.63 15.45 57.39 0 2.09 22.44
42 2018 163 18.07 22.88 12.13 47.82 2.07 1.53 26.22
42 2018 164 19.45 23.35 15.37 48.86 0 2.26 24.7
42 2018 165 18.01 21.53 14.59 73.08 0 4 20.31
42 2018 166 20.11 24.8 12.84 63.32 0 2.19 25.94
42 2018 167 21.91 26.78 13.22 56.37 0 2.09 25.27
42 2018 168 18.78 21.02 16.66 64.6 0 3.53 22.5
42 2018 169 17.26 20.73 14.78 72.42 0 3.05 14.04
42 2018 170 18.32 20.96 15.4 53.62 6.28 2.56 23.72
42 2018 171 15.2 17.51 11.92 87.19 0 1.9 8.29
42 2018 172 13.51 15.65 11.82 82.14 5.45 3.7 10.98
42 2018 173 15.92 19.09 10.96 66.99 1.67 1.79 20.75
42 2018 174 18.81 22.65 12.82 57.44 0 1.72 22.39
42 2018 175 19.1 24.11 16.16 66.58 0 1.74 12.36
42 2018 176 19.72 24.58 13.74 69.66 0.17 1.54 21.72
42 2018 177 20.22 25.76 13.76 69.28 0 2 25.54
42 2018 178 20.15 24.95 14.61 63.02 0 3.16 26.03
42 2018 179 16.22 19.38 13.79 70.16 2.18 2.16 12.68
42 2018 180 16.32 20.36 11.37 52.39 1.49 2.36 21.42
42 2018 181 17.58 22.34 11.27 49.44 0.08 3.14 27.12
42 2018 182 16.15 18.44 13.22 63.89 0 2.24 10.32
42 2018 183 16.92 18.72 15.65 84.18 0.56 0.95 3.27
42 2018 184 18.66 22.66 15.69 81.29 17.24 1.24 15.49
42 2018 185 18.72 24.78 13.2 75.91 0.9 1.48 17.32
42 2018 186 19.91 24.63 15.62 70.59 0 1.96 13.25
42 2018 187 21.64 26.86 16.7 63.26 0.19 1.98 25.45
42 2018 188 21.83 26.41 15.85 59.28 0 1.68 21.55
42 2018 189 22.67 28.52 18.19 64.71 0 1.27 17.79
42 2018 190 22.04 27.76 14.81 67.31 0 1.43 19.16
42 2018 191 21.4 24.81 16.69 72.55 0 1.18 14.44
42 2018 192 23.19 27.9 18.66 72.44 0 0.98 17.93
42 2018 193 24.32 31.19 17.42 69.96 0 1.11 21.56
42 2018 194 25.83 32.1 17.58 58.42 0 1.28 25.02
42 2018 195 26.47 33.95 16.38 53.45 0 1.15 25.08
42 2018 196 27.21 34.73 18.02 54.59 0 1.48 23.28
42 2018 197 28.3 35.69 18.9 53.22 0 1.37 23.73
42 2018 198 27.33 34.41 18.93 55.89 0 1.58 22.51
42 2018 199 25.46 32.07 18.14 60.71 0 1.29 19.43
42 2018 200 21.66 24.46 19.85 88.55 0 1.03 7.63
42 2018 201 23.37 28.46 20.15 84.61 7.8 1.14 15.03
42 2018 202 23.78 28.41 18.89 72.21 1.83 2.3 23.99
42 2018 203 24.27 29.4 17.43 71.19 0 1.67 23.84
42 2018 204 25.85 32.6 17.89 64.7 0 1.16 23.37
42 2018 205 26.37 31.73 18.65 65 0 1.65 23.36
42 2018 206 27.16 32.89 17.97 62.53 0 1.19 23.05
42 2018 207 27.45 35.39 20.78 66.79 0 1.35 18.52
42 2018 208 27.65 33.13 22.45 65.73 0 2.31 18.22
42 2018 209 26.61 30.17 22.77 76.26 0 1.75 10.11
42 2018 210 29.03 34.41 24.58 64.84 2.06 1.91 20.45
42 2018 211 28.07 32.65 23.56 65.96 0 1.75 20.29
42 2018 212 27.3 32.04 21.63 69.11 0 1.82 20.73
42 2018 213 27.15 32.11 21.72 65.68 0 1.95 19.42
42 2018 214 25.86 30.06 20.64 68.93 0 1.52 19.47
42 2018 215 21.85 26.29 17.95 82.56 0 0.85 12.06
42 2018 216 22.28 27.77 18 72.12 5.07 1.29 17.58
42 2018 217 20.1 23.11 17.09 62.69 0.39 1.9 18.99
42 2018 218 21.88 26.81 15.49 57.3 0 1.42 20.18
42 2018 219 23.11 27.6 14.66 68.01 0 2.64 20.32
42 2018 220 24.61 28.18 21.41 73.58 0 3.38 13.27
42 2018 221 24.55 28.41 22.06 75.08 0 3.98 14.45
42 2018 222 21.53 23.83 18.71 57.24 0 2.9 18.53
42 2018 223 17.64 23.02 14.54 83.26 0.71 1.19 9.9
42 2018 224 18.44 22.64 14.28 71.98 19.31 1.51 16.17
42 2018 225 19.06 23.02 12.05 71.33 0 1.32 14.61
42 2018 226 19.63 25.76 13.74 74 0 1.13 14.16
42 2018 227 20.06 24.39 13.39 75.2 0.2 2 18.88
42 2018 228 21.42 24.91 17.53 75.64 0 3.45 16.27
42 2018 229 20.86 24.31 18.38 71.63 0 2.67 15.42
42 2018 230 19.68 23.24 14.92 74.92 3.35 2.32 15.66
42 2018 231 18.83 22.66 15.45 78.16 5.81 1.46 8.71
42 2018 232 17.08 20.6 14.02 60.4 0 2.18 17.61
42 2018 233 18.95 21.82 16.6 65.05 0 3.3 16.08
42 2018 234 20.17 22.5 18.88 79.18 0 3.72 7.74
42 2018 235 20.68 24.35 18.18 78.3 0 3.57 10.38
42 2018 236 18.11 19.35 15.8 76.42 0.97 2.65 9.72
42 2018 237 16.58 18.59 14.05 85.66 0 2.05 8.71
42 2018 238 16.87 21.2 10.93 75.46 8.24 1.58 13.12
42 2018 239 18.56 22.56 13.99 78.84 0 1.3 10.06
42 2018 240 19.65 25.98 14.29 72.94 0.16 1.25 16.36
42 2018 241 19.32 26.21 11.71 73.68 0 0.95 16.34
42 2018 242 19.52 25.2 13.14 75.62 0 1.01 12.62
42 2018 243 18.24 19.79 16.55 91.59 0 1.11 4
42 2018 244 20.1 24.45 15.86 85.97 9.96 0.93 10.12
42 2018 245 20.83 27.94 13.87 79.75 0.05 0.76 14.08
42 2018 246 19.7 26.05 15.15 85.96 0 1.06 12.26
42 2018 247 17.09 21.71 13.7 92.4 0 0.96 6.74
42 2018 248 19.83 25.04 15.93 83.72 0 0.92 9.15
42 2018 249 21.31 27.3 16.48 80.13 0 1.43 12.51
42 2018 250 21.34 25.52 18.84 77.39 0 1.32 7.6
42 2018 251 19.34 23.26 15.48 86.32 0 1.12 8.28
42 2018 252 18.48 22.48 14.14 79.95 2.79 1.9 13.63
42 2018 253 16.92 19.17 13.57 85.92 0 2.98 3.76
42 2018 254 16.01 19.16 13.62 71.85 23.29 3.08 8.55
42 2018 255 15.86 19.69 11.83 65.95 1.28 2.29 11.79
42 2018 256 15.11 18.2 12.01 76.4 0 2.96 9.89
42 2018 257 15.03 16.37 13.69 85.58 0 2.3 5.54
42 2018 258 15.31 19.49 8.54 76.24 9.54 1.51 12.48
42 2018 259 14.16 18.35 10.05 85.53 0 2.05 5.23
42 2018 260 15.02 17.66 12.01 86.88 9.19 2.21 5.12
42 2018 261 17.71 22 14.19 81.83 0 2.26 8.78
42 2018 262 17.34 20.35 14.48 77.65 0 3.61 8.1
42 2018 263 17.3 22.33 12.6 77.09 0.35 3.32 5.79
42 2018 264 14.88 22.03 12.3 71.36 0.21 5.31 7.48
42 2018 265 12.89 16.74 10.35 71.86 0.62 2.18 9.5
42 2018 266 10.34 15.67 5.33 72.32 1.38 1.66 10.31
42 2018 267 10.8 14.83 6.17 62.07 0 1.92 9.94
42 2018 268 11.53 14.47 9.89 70.49 0.36 3.27 4.9
42 2018 269 11.38 14.65 9.14 72.29 5.95 2.42 8.2
42 2018 270 9.58 13.89 4.86 79.21 0.18 1.35 7
42 2018 271 8.7 12.46 3.18 74.32 1.93 2.3 8.16
42 2018 272 8.72 11.88 3.25 74.32 2.48 2.3 8.19
42 2018 273 8.47 13.4 4.72 79.12 0 1.95 4.72
42 2018 274 8.28 13.78 5.06 81.27 0 1.91 2.78
42 2018 275 7.64 9.91 5.27 80.74 0 2.04 2.45
42 2018 276 6.92 10.6 3.36 71.81 0 1.14 6.59
42 2018 277 10.53 16.72 4.59 82.97 0 2.5 4.18
42 2018 278 10.14 14.23 6.56 81.32 1.77 1.66 5.92
42 2018 279 9.69 14.63 5.24 78.64 0 1.63 5.14
42 2018 280 10.02 11.73 1.74 85.46 0 3.83 2.69
42 2018 281 12.22 13.46 10.49 88.37 5.68 3.44 2.35
42 2018 282 14.81 19.7 9.15 77.92 0.24 2.25 6.69
42 2018 283 12.25 15.08 6.51 90.94 0 1.72 2.33
42 2018 284 13.18 15.34 12.31 91.57 0 2.25 3.36
42 2018 285 13.59 15.69 11.8 90.28 0 2.23 4.36
42 2018 286 14.1 17.91 11.23 87.64 0 2.74 6.11
42 2018 287 14.07 16.4 12.04 85.99 0 3.35 5.71
42 2018 288 13.4 16.2 11.5 90.43 0 1.48 3.03
42 2018 289 13.55 15.91 11.82 91.8 0 2.34 3.76
42 2018 290 12.93 14.91 10.86 94.15 0 1.97 1.46
42 2018 291 12.41 14.4 7.78 83.41 1.24 2.33 6.16
42 2018 292 11.46 13.32 4.76 88.33 0 2.78 3.05
42 2018 293 11.38 12.39 9.03 86.27 0 4.37 3.36
42 2018 294 10.95 13.68 8.21 80.24 0.69 2.8 4.59
42 2018 295 7.75 8.88 5.24 90.14 1.89 2.12 1.92
42 2018 296 6.23 9.9 4.29 83.18 17.6 2.07 4.28
42 2018 297 6.13 11.25 3.01 82.88 0.72 1.22 3.98
42 2018 298 4.54 7.03 2.79 77.07 1.07 1.48 1.77
42 2018 299 2.8 3.76 1.74 56.22 0.17 3.89 1.79
42 2018 300 1.94 4.48 -0.35 50.19 0 2.94 4.04
42 2018 301 0.43 3.4 -1.93 49.45 0 2.62 2.96
42 2018 302 3.89 6.37 1.46 65.64 0 3.67 0.67
42 2018 303 8.75 12.03 4.59 79.37 0.16 4.72 1.13
42 2018 304 9.57 11.42 5.93 85 0.69 2.75 2.72
42 2018 305 10.07 11.77 7.86 92.42 0 2.58 0.49
42 2018 306 10.1 11.74 8.37 86.67 1.75 2.66 1.39
42 2018 307 8.71 11.91 3.02 84.03 0.25 2.49 3.68
42 2018 308 8.64 9.66 7.06 89.23 0 2.35 0.99
42 2018 309 8.75 9.82 7.93 92.93 0.05 2.27 0.5
42 2018 310 10.14 10.62 9.04 94.86 0.49 2.43 0.45
42 2018 311 8.76 9.42 7.88 94.57 0.15 1.25 0.67
42 2018 312 8.38 9.8 7.27 94.38 0.95 0.99 0.65
42 2018 313 7.29 7.79 6.49 92.3 0.22 1.65 0.43
42 2018 314 7.51 8.3 6.75 90.06 0.35 2.48 0.33
42 2018 315 7.55 9.51 6.28 93.64 0 3.17 0.29
42 2018 316 9.29 10.98 7.14 93.74 9.04 2.04 0.75
42 2018 317 9.39 11.35 7.85 90.57 6.01 1.81 0.86
42 2018 318 9.33 11.79 8.43 88.17 0.05 2.95 1.61
42 2018 319 9.73 11.12 8.41 88.98 0.28 3.22 1.33
42 2018 320 8.66 11.8 6.48 82.47 0.38 1.72 1.46
42 2018 321 5.39 7.49 3.34 68.71 0 2.38 1.41
42 2018 322 3.36 4.54 2.19 58.83 0 1.78 1.08
42 2018 323 4.27 5.58 2.71 67.93 0 1.53 0.6
42 2018 324 3.12 6.16 -1.74 65.84 0 1.57 1.59
42 2018 325 3.76 5.78 -0.15 71.56 0 1.3 0.73
42 2018 326 3.48 5 1.19 71.55 0 1.45 0.49
42 2018 327 3.56 7.78 -2.02 71.93 0 0.76 1.35
42 2018 328 0.33 7.14 -2.94 64.88 0.4 0.68 1.34
42 2018 329 1.3 6.51 -2.66 69.69 0 0.74 0.9
42 2018 330 -1.28 4 -4.16 54.03 0.3 1.17 1.03
42 2018 331 0.04 3.99 -2.67 59.51 0 1.55 1.3
42 2018 332 3.59 4.67 0.92 59.72 0 5.84 0.4
42 2018 333 4.66 5.67 2.11 70.27 0.25 7.46 0.32
42 2018 334 1.88 4.65 0.46 45.87 2.45 5.45 1.04
42 2018 335 2.07 3.96 1.06 54.85 0 2.74 0.29
42 2018 336 2.17 5.41 1.56 66.11 0.75 2.75 0.15
42 2018 337 4.92 7.68 2.56 82.11 0.79 2.85 0.31
42 2018 338 4.08 5.57 2.6 71.66 2.35 2.2 0.45
42 2018 339 1.6 3.81 -1.58 62.83 0.6 1.31 0.77
42 2018 340 2.74 4.46 1.76 68.87 0 2.24 0.25
42 2018 341 4.75 6.6 2.4 84.08 4.21 2.98 0.27
42 2018 342 5.86 6.31 4.47 91.32 12.5 4.79 0.15
42 2018 343 4.36 5.13 3.1 80.92 12.12 2.17 0.25
42 2018 344 3.28 4.02 2.76 73.96 5.04 2.25 0.33
42 2018 345 2.76 3.97 2 67.61 0 1.7 0.39
42 2018 346 0.63 2.12 -0.45 53.73 0 1.87 0.47
42 2018 347 -0.56 0.55 -1.92 52.36 0 1.57 0.34
42 2018 348 -0.65 1.19 -3.34 55.03 0 1.26 0.37
42 2018 349 -0.43 1.09 -1.53 51 0 1.96 0.21
42 2018 350 1.45 3.08 -0.22 64.48 0.71 1.73 0.33
42 2018 351 2.61 4.16 0 76.96 3.21 0.82 0.28
42 2018 352 1.61 3.64 -0.54 71.22 0.86 0.96 0.24
42 2018 353 -0.13 0.92 -1.64 56.98 0 1.85 0.38
42 2018 354 -2.81 -0.36 -4.65 37.54 0 3.07 0.17
42 2018 355 -5.32 -4.44 -6.35 30.37 1.23 2.58 0.16
42 2018 356 -5.64 -4.57 -8.5 35.93 0 1.83 0.64
42 2018 357 -2.65 6.09 -12.02 52.8 0.14 1.55 0.55
42 2018 358 3.14 6.34 -0.26 69.61 0 2.26 0.53
42 2018 359 4.77 6.77 -0.74 68.21 2.1 1.86 0.75
42 2018 360 5.02 6.12 4.13 84.7 0 0.88 0.63
42 2018 361 4.34 5.69 3.17 86.07 0.11 0.79 0.44
42 2018 362 2.74 4.95 -0.02 78.42 0 1.28 0.51
42 2018 363 1.27 4.29 -1.64 72.42 0 0.58 0.36
42 2018 364 1.26 4.38 -1.46 72.27 0.17 0.59 0.43
42 2018 365 -0.05 3.17 -6.11 64.89 0 0.7 0.55
42 2019 1 0.71 5.9 -6.11 64.62 0 1.38 0.74
42 2019 2 0.7 5.9 -8.23 62.73 0 1.45 0.74
42 2019 3 3.25 6.43 -2.2 76.1 1.85 1.55 0.63
42 2019 4 -1.61 2.42 -3.79 45.27 1.12 2.42 0.89
42 2019 5 0.64 3.56 -2.66 65.42 0 1.48 0.49
42 2019 6 3.49 5.47 0.39 78.67 0.13 1.06 0.96
42 2019 7 2.9 4.55 1.76 73.92 0 1.35 0.28
42 2019 8 0.15 2.44 -1.66 60.54 15.2 2.3 0.23
42 2019 9 -1.36 2.03 -2.93 56.81 1.7 2.16 0.18
42 2019 10 3.53 6.46 1.45 62.34 0.45 2.99 1.09
42 2019 11 2.06 3.89 -4.29 58.48 0 1.67 0.99
42 2019 12 1.09 3.21 -4.03 65.77 0 1.63 0.43
42 2019 13 0.27 2.54 -5.66 59.86 1.38 1.3 0.63
42 2019 14 -2.31 -0.09 -8.97 48.5 1.77 1.36 0.26
42 2019 15 -2.13 2.71 -7.01 52.28 0 0.8 0.97
42 2019 16 -2.26 0.98 -7.84 43.11 4.55 2.35 0.55
42 2019 17 -3.7 3.89 -10.54 50.37 2.03 0.8 0.82
42 2019 18 -2.19 2.46 -11.93 51.37 0.18 1.2 1.08
42 2019 19 -4.37 0.12 -12.54 41.93 0.77 1.35 1.57
42 2019 20 -10.1 -4.71 -18.64 29.3 0.12 0.56 1.64
42 2019 21 -10.02 -3.77 -18.48 29.68 0 0.57 1.64
42 2019 22 -3.85 -2.33 -8.12 51.41 0 0.85 0.52
42 2019 23 -1.61 0.85 -3.8 60.4 0 0.91 0.26
42 2019 24 -1.2 1.19 -8.73 63.6 0.15 1.25 0.48
42 2019 25 -5.66 -2.76 -11.62 42.95 3.93 1.71 0.72
42 2019 26 -10.09 -4.96 -18.36 31.26 1 1.16 0.74
42 2019 27 -10.39 -4.96 -18.1 31.2 0 1.16 0.74
42 2019 28 -7.2 -0.75 -18.1 42.03 0 1.37 0.54
42 2019 29 -3.71 -0.87 -8.65 50.61 0 1.52 0.67
42 2019 30 -2.47 -0.02 -6.64 54.33 0 1.87 0.75
42 2019 31 -1.46 1.19 -5.57 57.7 0 2.33 0.78
42 2019 32 -0.76 1.5 -4.3 58.96 0 3.12 0.79
42 2019 33 1.01 3.86 -2.88 64.75 0 3.25 0.63
42 2019 34 0.42 3.86 -8.2 61.02 0 2.58 0.64
42 2019 35 0.29 4.35 -8.2 60.7 0 2.58 0.63
42 2019 36 -3.4 3.44 -8.57 48.63 5.84 1.27 1.1
42 2019 37 1.95 3.61 -3.61 67.7 0.31 3.06 1.07
42 2019 38 2.88 4 1.27 71.4 4.3 4.3 0.71
42 2019 39 2.97 4.08 1.48 69.42 2.23 5.81 0.55
42 2019 40 3.77 4.96 1.07 74.37 8.68 5.33 1.73
42 2019 41 3.51 4.52 1.38 77.49 1.9 1.79 1.16
42 2019 42 1.06 5.28 -1.4 54.85 6.18 1.9 3.84
42 2019 43 2.49 6.88 -2.79 74.91 0 1.21 2.27
42 2019 44 4.03 6.75 -0.16 70.35 3.21 2.31 2.87
42 2019 45 5.35 7.2 2.65 76.53 0 1.49 2.26
42 2019 46 5.03 10.53 1.38 65.77 0 1.71 4.76
42 2019 47 3.88 9.82 -2 54.52 0 1.52 5.06
42 2019 48 2.05 3.87 -2.54 67.18 0 3.87 3.05
42 2019 49 4.12 4.88 3.32 82.25 0 2.88 0.95
42 2019 50 0.83 4.77 -3.49 51.52 4.3 3.01 4.39
42 2019 51 -3.69 2.63 -8.38 31.45 0.19 1.19 5.51
42 2019 52 -4.02 6.03 -10.93 34.9 0 1.26 5.93
42 2019 53 3.94 9.18 0.82 66.36 0.12 1.97 6.09
42 2019 54 5.04 10.57 2.22 74.45 0.71 1.69 4.39
42 2019 55 6.91 9.99 5.25 59.34 0 2.86 5.59
42 2019 56 6.29 11.76 1.66 71.28 1 1.64 5.86
42 2019 57 5.5 8.14 2.45 67.33 0 1.45 3.63
42 2019 58 4.17 6.96 -1.03 59.34 0 2.5 3.51
42 2019 59 -1.99 2.5 -5.84 36.09 0.08 1.78 7.06
42 2019 60 2.69 6.91 -1.77 57.26 0 2.05 6
42 2019 61 -1.41 2.5 -4.66 35.84 0 2.13 4.76
42 2019 62 -0.27 3.32 -3.6 58.86 0 1.73 4.37
42 2019 63 -2.53 0.24 -7.91 35.45 0 3.73 6.53
42 2019 64 -2.13 0.66 -9.91 49.66 0 2.74 6.34
42 2019 65 2.03 3.16 0.86 78.56 0.74 2.79 2.83
42 2019 66 3.95 6.12 2.14 82.67 5.75 4.31 3.71
42 2019 67 2.16 5.37 -0.62 66.49 10.7 2.24 6.27
42 2019 68 0.84 4.65 -2.82 62.62 2.74 1.79 7.26
42 2019 69 -1.88 1.84 -4.89 55.88 0.59 1.73 6.6
42 2019 70 -0.97 5.15 -6.64 59.72 0.46 1.19 8.57
42 2019 71 -0.81 2.83 -7.63 64.32 0 2.11 5.68
42 2019 72 2.21 3.92 -4.96 80.69 2.48 3.12 2.42
42 2019 73 2.39 3.82 -2.62 80.67 0.76 3.21 2.37
42 2019 74 2.39 3.82 -0.55 79.29 0 3.14 2.37
42 2019 75 1.91 4.99 0.17 62.65 0 2.34 6.91
42 2019 76 2.29 5.72 -0.05 62.49 0 2.28 7.21
42 2019 77 3.13 6.7 0.34 61.99 0 2.29 8.05
42 2019 78 4.17 9.88 1.18 60.03 0 2.22 8.52
42 2019 79 4.8 9.88 2.88 64.68 0 3.86 4.86
42 2019 80 4.8 10.15 2.29 64.77 0 3.86 4.89
42 2019 81 4.52 8.39 2.42 74.82 0 4.1 3.69
42 2019 82 6.25 10.92 1.81 52.02 1.99 2.26 11.81
42 2019 83 3.47 9.23 0.16 61.66 0 1.49 9.48
42 2019 84 3.71 8.38 -0.16 51.72 0 1.63 12.47
42 2019 85 2.34 5.64 -2.21 63.75 0 1.74 7.16
42 2019 86 5.88 12.27 0.41 69.9 0 1.49 10.01
42 2019 87 7.42 12.99 1.58 70.66 0 1.72 11.44
42 2019 88 6.06 14.92 1.01 73.54 0 1.44 9.48
42 2019 89 4.12 5.99 1.23 72.74 1.07 1.61 7.84
42 2019 90 4.6 8.87 1.06 54.17 8.96 1.81 13.82
42 2019 91 4.03 8.1 -0.17 61.39 0 2.87 13.36
42 2019 92 6.8 12.35 1.19 49.07 0 3.05 13.49
42 2019 93 7.57 13.29 2.2 50.6 0 2.64 12.56
42 2019 94 7.96 15.85 0.74 53.52 0 1.37 11.14
42 2019 95 8.72 16.14 2.3 43.77 0 1.71 14.32
42 2019 96 6.42 12.75 2.46 58.21 0 1.78 7.6
42 2019 97 3.45 5.22 1.57 80.32 0.59 1.56 2.92
42 2019 98 2.45 3.73 1.55 71.76 4.89 2.57 5.02
42 2019 99 0.8 1.87 -0.12 47.85 0.7 3.12 4.32
42 2019 100 2.31 7.66 -2.68 49.33 0 1.47 14.21
42 2019 101 3.94 10.38 -3.05 50.77 0 1.46 16.23
42 2019 102 5.16 8.75 -1.12 51.89 0 1.37 7.77
42 2019 103 6.8 11.61 1.49 53.99 0 1 8.84
42 2019 104 7.18 14.85 -0.65 51.6 0 1.19 16.94
42 2019 105 9.26 18.91 -0.19 51.95 0 1.21 17.45
42 2019 106 10.26 20.53 0.38 53 0 0.94 17.49
42 2019 107 10.68 21.52 0.47 49.51 0 1.08 17.47
42 2019 108 11.56 19.81 2.74 50.25 0 1.21 15.01
42 2019 109 10.5 15.54 5.27 69.48 0 0.95 9.13
42 2019 110 9.55 13.96 4.28 57.42 0.37 2.78 17.11
42 2019 111 10.98 16.08 6.41 62.54 0 2.64 12.88
42 2019 112 13.08 20.33 4.05 58.65 0 1.73 17.49
42 2019 113 15.39 22.98 3.84 45.06 0 1.67 16.55
42 2019 114 15.8 21.46 10.51 43.46 0 1.76 10.04
42 2019 115 17.1 22.58 11.1 50.68 0 1.48 10.56
42 2019 116 15.87 24.95 6.51 60.23 0 1.51 15.89
42 2019 117 11.63 17.41 4.36 49.99 0 2.2 18.9
42 2019 118 11.1 18.14 1.88 48.92 0 1.4 18.86
42 2019 119 9.95 16.59 2.22 53.45 0 1.34 15.69
42 2019 120 7.85 14.13 1.47 70.55 0 2.28 12.43
42 2019 121 5.64 9.13 2.62 83.29 1.17 1.53 5.2
42 2019 122 3.33 5.52 0.82 51.89 10.43 2.46 12.26
42 2019 123 5.07 10.22 0.57 61.34 0 1.11 13.26
42 2019 124 6.11 9.66 -0.16 69.02 0.37 1.91 12.2
42 2019 125 7.81 11.64 2.57 74.14 1.12 3.02 17.92
42 2019 126 7.14 11.31 3.23 72.33 0 2.94 17.01
42 2019 127 7.81 11.74 3.85 66.02 0 3.36 20.69
42 2019 128 12 18.37 4.44 50.06 0 2.44 20.89
42 2019 129 12.36 18.26 9.6 61.67 0 2.01 11.76
42 2019 130 12.76 16.28 9.66 85.98 3.02 1.28 8.61
42 2019 131 9.64 12.62 5.3 85.06 0 1.74 7.7
42 2019 132 8.97 13.65 3.63 62.34 0.64 1.51 17.54
42 2019 133 10.08 16.23 2.3 51.47 0 1.5 21.82
42 2019 134 12.08 19.88 1.47 51.21 0 1.29 23.14
42 2019 135 14.16 21.23 4.36 53.32 0 1.21 22.43
42 2019 136 16.09 25.69 6.08 55.36 0 1.21 23.08
42 2019 137 18.75 27.09 6.61 46.14 0 1.52 22.51
42 2019 138 20.45 26.99 11.34 45.49 0 1.77 18.01
42 2019 139 20.38 26.31 14.56 57.55 0 1.51 13.88
42 2019 140 22.27 30.31 14.2 65.1 0 1.43 21.89
42 2019 141 21.88 28.68 13.78 63.52 0 1.31 21.89
42 2019 142 16.58 19.01 12.68 79.41 0 1.77 6.5
42 2019 143 13.53 17.29 9.02 76.25 0.96 1.68 11.2
42 2019 144 11.84 14.34 9.78 86.8 0.97 2.22 6.92
42 2019 145 9.86 13.81 6.69 92.13 5.63 2.38 5.09
42 2019 146 13.05 18.04 9.82 79.29 12.52 1.6 16.55
42 2019 147 12.98 17.21 10.15 81.42 0 3.03 16.55
42 2019 148 13.8 17.68 10.94 70.96 0.34 2.21 20.56
42 2019 149 11.81 15.95 5.29 62.41 0.1 3.72 24.54
42 2019 150 12.85 16.55 8.7 64.64 1.62 3.15 23.73
42 2019 151 12.22 18.41 8.1 80.25 3.69 2.64 15.45
42 2019 152 13.9 18.85 9.56 76.05 10.66 1.82 19.06
42 2019 153 14.15 19.03 7.09 70.39 0.34 2.95 17.98
42 2019 154 16.97 21.16 14.24 78.06 0.42 2.6 14.06
42 2019 155 20.77 26.72 13.19 75.33 0.12 1.46 18.08
42 2019 156 25.36 31.67 16.23 61.31 0 1.45 23.65
42 2019 157 25.17 28.47 20.19 64.91 0 2.02 24.26
42 2019 158 24.18 29.36 18.58 72.38 0 1.9 22.38
42 2019 159 18.85 21.53 13.78 72.95 0.13 2.97 24.41
42 2019 160 16.67 20.1 12.35 67.29 0.24 2.89 25.29
42 2019 161 19.49 25.66 9.7 64.17 0 1.2 22.55
42 2019 162 17.53 22.14 13.13 51.71 0 2.97 16.43
42 2019 163 16.68 21.55 13.32 72.16 0 2.82 11.87
42 2019 164 16.57 18.27 14.61 90.4 0.64 1.49 6.51
42 2019 165 18.23 24.41 13.78 75.72 0.05 1.53 18.22
42 2019 166 20.28 26.59 11.81 68.59 0 1.46 24.71
42 2019 167 20.64 26.89 13.17 66.34 0 1.72 22.82
42 2019 168 20.38 24.77 13.65 64.99 0 2.03 25.24
42 2019 169 18.89 22.66 14.75 75.71 0 3.11 22.13
42 2019 170 22.89 29.73 15.61 64.74 1.36 2.3 20.19
42 2019 171 21.56 26.46 15.73 71.36 0 2.13 22.52
42 2019 172 17.3 20.49 13.12 68.47 0 2.03 22.44
42 2019 173 18.6 24.66 10.48 65.03 2.47 1.53 23.11
42 2019 174 19.54 24.15 12.82 54.77 0 1.48 25.95
42 2019 175 17.99 24.72 9.45 64.85 0 1.1 17.27
42 2019 176 16.85 20.78 15.09 81.49 0.32 1.59 9.4
42 2019 177 17.64 22.06 14.51 68.73 1.83 2.15 19.39
42 2019 178 17.21 23.06 12.77 51.99 0 1.93 24.75
42 2019 179 18.64 24.29 11.38 63.32 0 1.62 19.47
42 2019 180 20.85 26.64 15.77 60.86 0 1.9 22.41
42 2019 181 20.6 24.71 15.78 68.49 0 2.31 23.18
42 2019 182 18.3 22.21 14.21 65.97 0.33 1.91 19.61
42 2019 183 16.62 21.12 12 48.06 0.23 2.19 23.12
42 2019 184 14.94 20.22 7.38 61.43 0 2.49 17.22
42 2019 185 13.74 18.59 10.84 80.52 20.66 1.99 14.91
42 2019 186 17.85 23.39 12.8 63.99 6.78 1.65 24.12
42 2019 187 16.41 23.67 10.64 82.3 0 0.93 14.69
42 2019 188 16.47 20.46 14.83 90.19 3.87 1.04 8.74
42 2019 189 14.79 17.58 12.71 78.52 8.4 2.4 9.56
42 2019 190 18.69 24.8 13.42 59.94 0 1.69 23.32
42 2019 191 16.24 21.06 11.96 78.22 0 0.93 11.83
42 2019 192 17.74 23.56 11.97 68.5 0.54 1.09 18.35
42 2019 193 17.9 23.66 12.28 54.17 0 1.62 22.45
42 2019 194 17.91 23.22 11.32 63.89 0 1.15 18.5
42 2019 195 17.06 23.62 10.26 73.42 0 1.83 17.95
42 2019 196 16.45 20.12 12.65 84.15 21.92 1.81 12.4
42 2019 197 18.59 26.79 11.03 76.48 1.07 1.01 17.86
42 2019 198 19.73 25.99 12.2 73.39 11.71 0.99 20.58
42 2019 199 20.46 26.63 11.65 63.19 1.24 1.18 23.52
42 2019 200 21.63 28.28 12.47 63.99 0 1.02 23.1
42 2019 201 21.89 27.93 13.24 66.19 0 1.45 23.14
42 2019 202 20.04 23.13 16.46 78.72 0 2.09 14.23
42 2019 203 22.07 27.58 15.7 75.15 0 1 21.52
42 2019 204 22.74 29.78 14.39 67.9 0 1.15 22.93
42 2019 205 23.52 31.99 15.03 69.05 0 1.33 20.7
42 2019 206 24.01 31.46 15.35 72.04 0 1.16 20.68
42 2019 207 26.3 34.77 17.67 69.34 0 1.11 21.56
42 2019 208 28 35.46 18.12 61.51 0 1.26 19.81
42 2019 209 22.5 26.87 18.92 61.72 0 1.72 17.73
42 2019 210 16.72 20.27 13.24 51.74 0 2.72 18.03
42 2019 211 16.79 24.49 10.72 63.89 0 1.62 17.64
42 2019 212 16.64 23.08 8.94 64.18 0.99 1.42 19.19
42 2019 213 18.47 25.42 9.21 61.07 0 1.49 19.93
42 2019 214 15.57 21.33 8.32 62.86 0 1.6 17.53
42 2019 215 14.91 21.64 6.84 62.01 0 1.31 18.71
42 2019 216 17.15 23.67 8.68 69.71 0 1.26 19.04
42 2019 217 17.15 24.15 13.9 89.64 0 1.07 9.87
42 2019 218 17.95 22.03 14.32 91.08 27.05 1.06 11.31
42 2019 219 19.19 25.33 13.14 82.66 23.8 1.15 14.47
42 2019 220 18.86 26.05 14.46 86.01 0 0.73 13.07
42 2019 221 19.17 25.21 12.35 80.79 2.57 1.58 17.47
42 2019 222 18.68 20.39 16.46 89.23 0.05 2.07 5.93
42 2019 223 19.58 22.68 17.49 81.16 8.15 3.21 15.19
42 2019 224 19.54 23.37 15.84 78.15 0 2.62 18.68
42 2019 225 17.22 20.55 14.16 78.02 0.26 2.22 15
42 2019 226 16.72 21.73 12.31 75.36 5.04 1.21 16.77
42 2019 227 17.05 20.48 11.67 82.06 2.89 1.78 7.85
42 2019 228 19.05 21.86 16.7 81.38 0 3.15 10.6
42 2019 229 18.4 21.03 14.97 87.86 0 1.5 5.48
42 2019 230 18.5 21.83 15.68 84.21 9.57 2.56 11.18
42 2019 231 18.81 21.98 15.79 79.08 20.54 2.65 15.84
42 2019 232 18.48 23.47 13.81 79.94 0 1.53 12.72
42 2019 233 17.97 23.64 12.77 79.03 0.34 1.64 16.59
42 2019 234 17.26 21.25 15.02 86.39 2.68 2.44 8.22
42 2019 235 18.63 23.44 12.42 75.4 6.85 1.12 16.03
42 2019 236 17 22.29 11.04 84.97 0 2.19 15.58
42 2019 237 20.49 27.15 15.54 81.94 0 1.25 13.48
42 2019 238 20.08 27.03 14.03 82.59 0 1.24 14.73
42 2019 239 21.1 27.73 14.13 75.98 0 1.75 15.71
42 2019 240 21.81 27.61 17.95 76.52 0 2.17 13.33
42 2019 241 21.01 25.72 16.03 83.51 1.53 1.4 12.22
42 2019 242 18.62 23.59 13.76 81.65 0 1.86 13.59
42 2019 243 20.37 25.34 15.62 78.92 0 2.27 15.03
42 2019 244 17.97 22.05 12.49 88.85 0 1.55 4.64
42 2019 245 15.1 20.98 10.72 80.46 2.19 1.61 12.25
42 2019 246 17.11 21.33 11.13 80.01 0 1.59 9.97
42 2019 247 16.04 20.04 11.43 86.97 0.57 2.88 5.28
42 2019 248 15.01 20.28 9.32 82.15 13.4 1.16 11.34
42 2019 249 13.63 17.87 8.96 91.27 0.39 1.42 5.1
42 2019 250 16 19.97 13.79 88.64 7.39 1.3 4.89
42 2019 251 17.3 20.89 14.55 89.55 2.37 1.77 4.36
42 2019 252 20.74 27.32 15.89 76.52 0.23 1.52 11.34
42 2019 253 16.64 19.88 14.87 83.5 3.66 3.61 2.84
42 2019 254 16.25 18.62 14.49 81.41 6.11 3.56 6.13
42 2019 255 15.04 18.57 12.18 76.31 2.19 1.68 6.65
42 2019 256 13.07 17.73 7.74 68.75 2.93 1.41 10.94
42 2019 257 11.65 15.24 7.62 87.24 0.1 2.44 4.23
42 2019 258 11.88 16.58 8.55 81.31 26.02 1.5 8.72
42 2019 259 10.53 17.32 5.75 78.94 1 0.58 6.6
